8413
17602
31280
51687
309590
35419
12817
3357
921
45290
37405
19974
45523
8425
52504
32422
15873
17469
27405
4168
78169
306273
73132
86167
82545
144843
1032
307016
209205
199802
145837
4895
82463
14344
73484
13672
47581
309490
4688
17819
10941
98521
80252
46317
84423
28323
35948
33731
6436
21075
20970
305832
20573
772
31256
23761
9729
44994
43794
90080
45928
33877
86120
309134
2613
9958
13911
85129
197589
22164
22854
81745
7151
46716
23561
22622
33798
16148
307079
61786
197353
308951
10573
11609
202754
50499
11582
38583
310806
18917
198063
16974
64245
7132
88820
16608
14164
8589
203872
16258
127809
31463
12243
24366
26553
205546
5176
308299
27918
15921
29357
19733
1646
31599
897
829
663
14310
41010
143027
308499
198212
32967
305687
206087
75557
3110
18872
306843
7302
9794
29891
30650
204397
5831
11522
21629
25415
306556
305369
95488
4116
11186
41460
16688
84927
39189
43771
38852
41006
198708
95687
306730
20401
2060
28139
8517
32646
10546
141428
306526
15964
200723
14842
30313
48028
89381
12751
8727
30999
35069
308337
88550
90958
305602
13760
308845
14416
26677
45100
306199
19970
70812
307820
75395
23920
10025
1531
118288
11015
93849
22156
227814
103467
19753
33198
307486
10010
309352
95824
79210
37098
18855
26602
8903
7158
4484
34502
6333
6929
19286
69420
94688
77348
75740
203215
91293
8856
73222
6461
197054
198193
307873
28402
80314
305590
44616
89284
18827
16385
14571
43416
9142
10331
200125
15733
5292
85105
209177
29640
92047
37237
200480
13278
308148
201261
12003
84976
2781
210091
41912
30124
14443
307167
12940
7921
492
43633
306394
11486
38061
97454
25875
37871
17306
5434
4290
27398
9884
16593
1035
97011
24652
77088
17735
16325
21721
29252
14035
74835
65182
83463
39591
4971
10909
308350
4419
19776
15969
305890
306980
306902
31114
13281
9990
92091
41330
35095
6889
86909
309716
11009
75696
46806
14382
39633
198447
45664
21652
1513
197387
80524
96454
51683
27010
308188
29865
33122
34715
8607
836
83549
84123
26714
6683
73225
13876
21653
5286
37886
197699
197837
19838
41881
87576
41147
19276
12407
28837
43557
36273
11990
24849
14315
142454
104319
42499
6882
260852
11807
3127
1101
23830
306452
31914
11142
15431
13430
43075
141625
20178
308690
97061
85106
310679
89622
24796
56591
32092
307943
18020
86971
963
310790
197024
29658
29743
306473
43104
41993
6342
13218
85874
26959
43357
2110
51359
22817
24443
43516
24710
15225
38491
18367
13363
54013
198466
12964
205167
8500
307337
209455
9370
8922
197077
309538
99234
78371
198036
2966
307624
8045
40936
11428
30385
36278
36850
35542
133881
50938
13050
23292
892
19486
200677
14699
306079
32220
3765
22794
25271
307945
37290
129049
35787
31955
86073
15190
15518
290268
200544
140848
1308
12721
40958
19875
110783
89026
10697
29007
13886
29662
16783
58268
198616
4939
103558
43482
306799
13428
37357
308995
18522
10224
28810
81242
305355
32126
308913
17415
27292
38915
28890
308093
69014
91296
3544
200415
36263
38757
25124
41721
16066
87154
14489
39207
11165
30365
9629
75779
32587
18657
17031
3108
9121
29797
15524
134168
197430
82336
23040
11703
21355
122067
206569
20711
25293
17464
54389
37732
306332
2476
85953
33860
16879
16046
3556
44077
65163
1292
18937
308491
308660
78423
209023
37852
17945
38217
12627
20809
8434
42690
45734
5501
22902
23301
8898
4375
2221
14550
27625
35282
60299
29729
14672
41587
310208
209622
197542
43257
23437
83464
89154
141248
37298
37592
4886
84331
119265
19214
10997
35058
8542
22035
49458
27793
22183
307795
49818
203221
41230
6725
94434
91629
85042
27073
311029
9079
22677
308753
13365
97060
17037
204757
5979
85439
58842
197426
274118
80651
22669
23688
309327
3089
59359
29500
31398
91656
39447
2854
144580
38719
307312
73328
60563
200924
93710
6387
23764
16562
307986
21073
1449
12108
5187
310769
23091
58570
688796
209778
199238
10389
91611
7669
118037
26682
205973
36862
34352
19760
13058
14161
4460
5784
30453
42887
8362
12789
90382
8399
308012
209831
8651
309505
2779
7812
37979
34254
19772
74883
17239
24588
15177
31264
2626
16794
45853
16870
22706
14202
26882
7002
11122
91927
15270
35704
305477
293379
209332
27302
82948
40603
2417
25540
5209
3463
309251
35713
9269
46198
12428
30476
22473
75124
8197
11903
41457
7976
1969
23433
44068
9940
31372
18057
36105
61364
18477
6161
50008
4807
28717
16137
16701
30188
307500
49749
18975
29047
92110
33211
197004
86350
1790
12577
89489
43814
36130
308927
197632
305841
32053
308030
308165
47597
83033
38047
17911
54819
96373
10852
92319
309791
89916
10006
100713
2570
24899
24058
19493
57585
79265
14623
42954
97131
1496
12934
311006
51837
124445
91926
11373
306592
199078
39688
10709
98140
91171
280021
33181
21099
2257
1559
26857
29296
25448
310234
4812
86440
43369
20870
40935
197377
309301
40743
4456
40347
2593
7930
54496
10856
47927
51387
35434
4695
25711
45908
12584
1304
42040
65902
2579
2472
15302
206780
77111
19440
18349
25470
34506
6614
15236
22712
32588
2335
35280
202257
2097
40473
12665
19769
18867
9428
311038
15298
4509
198715
41803
36647
81843
31809
84451
18047
4766
633
202290
4225
41970
309823
35255
74982
29242
73275
310308
26374
9010
204754
23822
8886
310276
116964
16795
197726
31533
4618
309720
23403
2774
95450
24986
306985
76976
75048
13713
311048
36041
308558
4144
307826
22945
16223
16717
24335
208585
43729
46031
6636
23570
306291
18671
72560
16809
7451
13820
97438
21232
82182
10312
201696
111834
35435
37553
79930
43685
19197
141684
8368
85600
309442
19806
10351
35142
36537
81687
202661
12091
84670
19494
207312
73471
1677
308393
1122
9097
60657
18497
38042
12278
12420
21826
10728
35722
85690
206776
43591
21216
86915
85700
17614
26933
31472
80665
15172
5385
10252
30960
31185
10425
27413
40551
81259
34149
310425
13799
39142
4118
25336
89603
7404
84154
8884
1336
3503
19592
200242
201023
308009
34575
308229
81205
310971
209360
309633
18164
198145
50116
13469
36147
40038
12562
18035
6470
11706
36227
205830
198431
16582
9959
18402
23199
7117
29490
9421
309749
203154
308318
34906
87842
82649
308817
123826
37179
33769
37275
43487
1767
306681
305532
308264
305924
210024
41774
199903
20961
11898
20306
308556
14579
94067
74006
21940
9190
12096
38648
16322
14480
6540
41350
309868
10251
31282
25483
307804
14488
309499
25174
84527
209525
6752
12592
8626
6456
308702
14206
1081
2210
41798
208041
45168
39444
83297
17914
306204
17658
307545
25113
94986
8321
209676
17921
31103
651
25117
15129
17950
122395
306451
22111
13937
43141
73959
42876
307115
310134
3301
198300
13510
18964
18372
22058
10500
85154
31976
27574
12169
20265
96526
29828
35008
201454
16618
43185
45442
26529
13572
25275
87506
38156
74866
1614
16977
23607
58625
210341
4527
23753
17096
6227
26800
2873
39210
8142
27253
18374
19311
22117
78411
28590
93242
41716
76814
8730
25229
307205
13761
16865
23128
128269
309927
21979
5477
83997
21344
207179
14786
107521
24821
5882
34070
4365
23891
32031
11282
96953
38012
98355
26078
308465
20347
6113
8845
197669
40182
206878
102643
20606
36506
202467
23355
28696
43254
198562
38475
102616
17982
11672
3945
308284
208940
3168
86169
38106
308894
78140
45621
40633
16235
310705
21902
29996
2721
65788
38274
37713
43038
14146
14214
33615
24808
8513
23536
5349
56447
29881
82754
2304
11150
198116
688680
80658
7588
305783
46433
38711
308578
89791
20181
907
95319
1379
75622
83336
13369
86099
33641
7060
305837
47575
10116
306768
7474
307642
45445
1854
6884
7477
3188
23869
6017
306852
64209
39084
306333
20370
15248
75159
31944
75440
91798
14279
49483
9319
79606
7231
6951
25410
306041
2811
29504
10804
2636
12707
24554
65316
310245
101923
8478
39253
47832
91401
26994
200693
5785
42182
16454
111876
24278
2604
91979
15363
309955
1410
91736
21501
3232
6521
24042
13777
89536
15155
7894
132376
486
98688
26119
3582
50812
33311
305347
309756
309379
24514
11132
65936
9781
3306
198436
18249
3647
37076
308314
16423
17908
34983
308478
7129
308116
78961
200492
81114
1719
8235
73499
28784
8285
9910
62792
34037
784
4017
15761
17767
308233
109088
82658
28607
37463
207108
72891
6783
11108
16676
54489
30549
306403
58108
94184
6948
2509
119235
307199
106195
64306
40900
10247
310812
43279
50052
202379
19588
28040
38678
21816
45770
3111
9763
19674
14744
39955
310203
92181
141289
204672
61621
41440
308783
22327
20437
208730
307548
12717
5537
41032
11007
25025
22808
15634
40220
50430
23095
31979
39283
18368
690
21830
1996
401
13835
805
4097
142459
45816
14293
88214
28896
24406
18031
15675
78995
101056
33369
10048
95758
205293
38452
6626
75647
137149
31873
306083
306798
9212
305903
15789
23065
15268
103476
219503
305439
45404
84591
208832
42727
208504
26198
1103
9783
200489
75411
210030
31302
75018
306435
33267
38586
23629
307056
16320
139512
306528
17251
307001
42571
18884
22329
11255
28487
23577
30609
40150
6344
78072
95265
13253
90266
28916
39974
6659
307086
24979
42171
67347
128911
310183
29282
26778
51710
3443
307490
12448
6052
13895
23171
12486
204745
33146
20410
27431
112866
41595
7041
37145
39372
76546
65812
6237
309840
31834
19728
4866
113206
12186
29602
38532
11419
201444
37215
29278
6093
51114
44911
306271
75738
1728
309114
28054
56572
198134
198720
21980
19295
11681
78698
5846
308741
202001
22602
24947
26735
27424
206071
37817
28242
66965
116293
40019
306657
43491
65187
3617
20500
36666
12208
95539
75136
12923
18597
22113
4968
286918
99640
1509
11878
16106
74903
200445
10320
36598
141611
200422
11405
305839
24013
13834
15012
81676
198883
25487
36651
35475
21316
81115
131693
25062
45301
139053
5189
25664
733
13378
5637
7290
48438
6754
310559
203682
306166
36777
27613
201239
207223
35956
5299
54160
18049
206419
200684
306298
133296
20587
38140
204294
82524
309809
30340
26892
17118
25524
84827
116349
307631
7748
16994
197032
210235
310093
205467
6874
198357
86389
14337
29545
39766
209710
89876
1912
11828
14426
5551
98550
95726
7350
51947
19277
24319
30509
30646
22934
308977
86144
11197
99902
17256
26280
6579
82493
34977
23650
13532
6516
2024
122314
29429
10439
42122
308892
200172
38776
89062
85386
7568
83858
40557
88210
11979
27763
139370
42634
53221
11954
9344
39430
10465
199356
16527
5324
305987
206510
310246
16380
2540
197790
15388
2908
18987
204416
3428
23271
37429
27348
6774
47649
36050
13587
36175
305621
43226
3430
119966
42405
688560
285233
201140
92127
309778
49550
26499
42761
9349
120196
200227
83867
28639
30337
51961
9949
2037
2796
49840
11269
13956
137921
308392
306342
32674
199733
310404
39426
19844
199830
12595
25981
4465
12396
13974
9297
82718
13282
95324
14124
76867
15800
49641
34968
11756
1174
32288
14566
84167
33346
886
307140
8475
21254
78934
15053
100820
46146
23873
20026
13164
9166
37452
3012
7815
75731
53405
87643
309781
15090
45720
311051
3436
306533
32993
6995
10098
4022
14036
2926
305700
10897
9661
13527
14359
306369
96110
9405
24714
48163
207933
27300
9293
1673
26846
30131
207342
307368
2453
21211
4822
1519
10077
36301
201258
40362
36341
205704
37259
86414
23524
308007
40864
16489
33024
17199
59247
40660
43917
42140
27069
12784
6200
36958
308579
6353
65824
2729
18565
9023
5693
26767
7224
13466
27908
114031
102048
14150
45940
12737
19906
13729
201127
23163
28061
14081
83567
93058
38010
43622
208855
40784
41071
205696
25645
666
9343
39374
18871
51564
8996
45995
28230
23297
14139
42924
11284
41959
48261
200401
83329
200408
9825
35645
38693
305713
18387
18851
108365
8387
6868
71878
35014
45105
306424
28161
90650
139916
4088
309164
11488
11953
309961
96874
88200
78145
35484
6493
83679
4550
141706
31519
308421
16617
207060
25868
26523
15698
2751
4136
11248
42443
80455
206608
31239
306123
13171
50111
310033
309027
34492
8524
32192
10230
80254
22702
8203
44779
4332
197079
308078
6676
26961
15685
2797
42817
43327
8755
8106
204797
88664
96220
17340
42109
305872
24855
95315
202279
21582
86362
10405
200111
41839
2622
18721
3338
5004
85981
209807
16785
72880
19299
58630
91031
284602
6527
21622
124897
64615
201516
12598
12443
64388
19394
200323
44695
141488
296151
305720
688592
14868
58594
76706
310244
305989
307138
24019
15493
197481
75632
78542
43261
24377
19644
37478
10510
24513
35420
12405
32893
25204
16818
198850
44013
197919
39226
10419
121604
307191
42359
309195
20631
30465
23719
15353
98954
9570
17897
78518
20119
25566
305684
309386
80328
8750
135971
309987
34774
12958
64484
14327
22658
308181
197010
17153
12585
18530
10740
16916
43948
125882
24608
8708
18450
27203
309070
34210
55940
25841
141446
39628
309989
199982
6821
82178
204287
29576
204846
97485
306460
8644
43495
84216
7651
278817
31047
64242
26327
4153
6396
1530
745
96023
199446
5308
18564
29663
9918
1053
42741
33316
81363
32329
83403
127242
34930
32697
38759
81956
19575
18470
22979
22971
1226
29466
52685
18025
10708
32551
142705
30620
32531
25154
24130
306427
36233
8453
39136
11295
307131
31448
93998
204157
308311
85470
54370
31708
308531
11917
306876
945
306206
74989
36013
12316
8469
2568
141592
63933
78292
32904
19826
309848
13234
86210
308958
16390
48794
4587
197012
13831
52221
88416
24006
16061
209184
139201
4721
33068
306129
31006
18187
101553
22268
307355
33188
87216
30009
19270
25980
45858
19738
198828
309500
7642
14082
18876
305617
12178
30753
75256
37255
13470
140842
11018
45076
9178
6249
28683
1382
308353
197540
95636
24020
10633
17622
17086
19540
11602
306397
209990
75234
198041
307000
45320
305807
27333
47912
17589
35688
30233
13496
38590
19544
27248
9721
119266
6896
73801
73750
204794
13525
1667
115601
35477
21310
23298
30739
15553
5182
36048
12922
15835
14474
25791
80861
43174
5795
2876
2580
3757
32647
15866
24707
16078
4675
309514
2983
16215
206672
29373
29151
29031
1154
26925
42753
35159
197915
308345
39370
91391
89668
10129
6511
26101
201996
9978
23519
74374
19894
24535
4580
25511
76936
10715
14452
309163
202489
310100
13193
25382
307576
308454
7854
27576
143386
6064
75014
15784
307009
35009
77016
20413
140088
11962
7942
199978
46435
56310
31528
20087
306084
1470
5163
31255
13562
50084
13202
141527
137060
6881
550
47894
31099
17326
7984
101166
6285
51418
286903
28693
80999
17066
21342
14680
10357
30880
134219
200674
197493
28984
305647
11321
87659
39115
45611
94742
5067
17856
308066
19756
303722
16505
203796
202450
43588
32644
306017
4234
12828
28912
23202
24413
27353
5970
33722
308898
43293
10593
91021
309289
32703
4186
17960
1810
297659
120993
11258
22962
31036
10525
82086
82572
47418
308756
299933
4611
43694
200608
306398
57203
93941
27592
14800
310029
1800
35493
19744
310192
22020
4281
73216
200589
306886
16477
134676
4481
308118
34417
6141
6143
13077
8298
201376
4949
4918
40474
30767
29396
6311
42162
306198
82238
307899
200970
198881
301542
306462
33388
310767
82188
21222
51099
9842
5735
17219
83825
5554
201593
28148
305792
24700
308349
36516
201834
197756
34234
40574
11361
206065
24967
26179
1061
83840
22374
111921
207837
12064
46028
14758
8935
309758
22341
26766
139827
31884
18856
79181
3584
30185
11160
19447
3448
14568
6620
21876
86730
32244
41373
30298
308123
140852
106973
200461
688439
38251
80444
263011
35173
200290
14975
307299
94512
5722
18642
8250
37316
27691
306261
200230
24541
201462
206280
308760
35161
308167
10471
109481
35733
39590
21367
201158
18361
4155
31132
199309
307630
20389
9320
311017
273834
16132
39364
308988
6132
119356
198310
44884
40851
23540
197592
43720
12972
208065
9914
85037
37274
27623
4656
136766
48063
34014
2523
4338
26905
44557
3517
13431
7340
309306
10807
41710
28721
46201
20251
42167
26434
551
3653
19213
310171
17732
210327
16972
3589
19151
17669
44159
18599
91918
37664
18601
10449
28194
12052
84010
39985
16839
306643
90090
8256
18092
39882
16243
202482
74902
3135
41673
21061
305818
6248
309854
4211
8066
307667
9217
2424
14978
6585
11013
199149
44119
41358
14696
11718
35772
308613
11025
16793
90038
30325
4510
38292
3271
2178
83681
6415
5398
17998
85185
7475
35669
1877
1210
10125
41861
56565
45295
34828
144898
35113
29320
6198
9333
27149
38568
37679
13400
307949
305914
18624
17728
97906
89683
2790
39711
40732
21655
32194
11173
45810
39439
15960
82166
19196
1984
14057
22772
5230
10970
145515
11424
307641
47891
309261
12990
28293
209848
43592
5075
81708
81727
202062
46128
28528
5325
18338
36898
19920
13861
198044
306178
13680
29872
36965
307316
27928
32367
141891
6751
20342
199231
25666
50305
305429
199796
6152
32851
24021
206743
32966
306667
23824
73247
199542
43507
13382
105592
76604
22851
36134
51478
304152
2284
38713
208580
32431
12191
45172
30843
25085
9620
7961
13165
307989
21756
27541
46562
90510
8198
6268
18644
29738
39672
6672
24253
307370
29329
45103
116504
75244
43473
199811
30311
17260
32762
20352
35730
6325
85531
40457
26034
38737
41729
14542
208508
307971
33061
8214
26595
27505
1253
308089
49919
895
31785
524643
197622
36687
89406
46592
49621
24391
17513
306927
202863
17527
93737
69568
38906
308192
5196
309616
310935
6763
85559
16576
84984
2769
10962
144781
199046
197005
35814
13217
32421
108659
38265
16708
16284
29494
8896
13454
29118
10724
20443
41354
14317
308486
81304
15881
3970
31758
54080
41747
209745
4265
114047
25751
6653
81382
14745
309392
26899
197857
273639
135188
17387
8803
19438
45800
22406
8934
23164
75030
39825
107043
116982
84426
201362
39799
688591
31724
1326
307089
57644
33569
18986
46324
15815
30142
48116
29735
207518
45416
305921
30404
306706
25048
33752
87775
24909
48071
8116
27681
29208
27194
103983
309506
23516
138891
19037
45525
43000
22049
17648
11786
103299
64159
79331
30102
81536
88223
89882
20919
199154
26438
645
1140
29469
36413
6730
89842
34870
51335
201286
305984
38359
43309
209765
42249
34797
81732
4151
958
18083
35221
40989
279182
21637
21105
37256
31671
203705
288741
76490
13087
5173
28769
17162
79689
14254
305339
32207
101448
30191
28676
10438
14682
46441
310611
41923
657
28622
132672
18962
20363
37133
97829
21641
11069
4751
27757
24434
31588
81978
32253
14332
77320
10588
307594
306294
19208
81802
65483
83189
199035
22999
24316
4295
8272
3454
197780
199037
271498
16120
1433
95430
11598
17156
87466
23861
308193
111969
131382
10431
9997
9666
39267
38945
6307
27423
306982
199257
8058
32907
11977
2578
306599
307121
10394
32032
9664
4490
45695
27695
90961
200964
73475
11600
28118
3435
14170
33907
4286
115013
82765
66228
866
112680
71658
40549
15723
81912
23623
306155
64134
27439
135427
84119
95461
9592
11865
21800
91739
198825
85535
198113
7225
305846
25544
22214
24786
40738
11673
6366
74834
45887
30420
84625
23446
305635
15673
10535
6238
19993
16336
10928
15402
42400
307743
84940
37600
95533
24138
309934
6597
198071
5991
14952
85661
35252
85409
134195
309415
2850
46016
198843
144533
32896
32485
20982
10578
20989
17580
43484
43027
199433
3230
58422
12838
20072
26734
307442
92215
39890
197027
18706
33013
18646
305729
38308
310435
4201
84401
9951
305707
18732
23248
206224
263078
8753
25526
22877
5276
308844
306721
11103
18849
308693
75207
39301
4774
428
29477
76582
12979
10324
16666
208628
9019
45014
306655
20149
197448
307540
4349
31657
84587
29863
89988
208902
201460
20937
5825
306219
75208
77374
38664
18918
37486
47074
38428
22208
20695
9215
13822
8983
6883
116325
14037
40193
13719
10279
23461
14350
61164
98324
1777
16068
18572
100629
49775
206316
78622
199072
73412
198515
308077
310981
38024
77154
32372
14420
8990
9504
8423
26242
13046
42808
6522
197241
19845
16308
2501
129456
80917
71724
197702
38733
2454
41052
85854
16876
31766
4563
45438
17565
5545
37707
17776
85691
11585
16471
692
258395
22189
308718
18452
307462
28508
27264
45595
139988
38889
225117
79151
36641
11275
140068
40088
128556
802
15714
46104
63066
11780
38102
42819
27683
29852
16950
14123
7796
277098
28592
15029
310459
29026
25730
7514
305951
307020
21147
23414
688433
33874
86577
44030
23081
22698
284857
29829
198978
16673
704
27206
16128
91273
38303
9109
42653
44567
6294
13113
9568
40657
20343
44289
38100
13652
43057
10130
20378
142688
11665
91383
27021
17297
37577
28851
91348
31619
29634
202574
97156
22363
95708
85122
3476
50088
81168
11496
21426
90280
9329
8951
24405
41734
288467
17496
30591
15522
17705
308982
305776
33707
7270
10778
306065
17291
306698
25925
82713
198579
86069
75667
60002
87054
308381
4315
41661
29352
4084
13377
7490
310049
18314
49882
44388
47980
29989
78307
5936
38208
10927
80817
23364
51149
12537
201802
143148
310167
199316
554
8358
78604
115137
34816
114625
33443
84578
24435
208631
244654
9643
44689
207162
91177
306818
22741
17181
44941
6604
48108
19926
37056
13869
13483
688760
80712
16353
17341
84977
26084
26183
51242
26333
3175
112390
102119
22596
13228
27636
13211
287514
15517
198182
18323
120942
847
27214
3064
12201
23062
80323
306831
7850
84596
22367
87342
78346
27083
42776
122184
15945
202625
19584
3040
98181
19587
5360
12141
39958
78492
39647
35448
76917
50337
39217
30096
96429
7991
205223
17116
2096
10589
1786
281786
58955
47193
39501
13492
25636
1480
306805
12455
13678
6721
64975
27573
12852
306265
22963
30978
30569
200081
588788
44556
36752
29493
18910
305884
25193
14827
233534
63938
67390
18475
38785
305648
310283
18442
17611
36739
4070
15207
8526
43142
4697
28354
1978
308677
8785
5647
21284
9380
123569
47840
44287
9988
4964
34659
32953
95039
307786
29876
209817
13261
73727
31691
28126
30592
76739
29230
3262
18211
36796
879
19061
209438
7578
28814
15080
19901
76904
14476
43739
77359
80807
12865
16782
84108
205868
46626
18848
2409
29324
22204
13581
78358
1407
14960
13794
31730
8849
12209
306371
206515
64232
30345
211268
259281
19391
98798
10976
115726
306761
306187
84114
198143
35929
12473
6066
78083
31933
10898
6413
30707
2764
11376
32537
310508
12994
88389
34852
5438
4767
198000
85994
44824
201558
764
306404
24594
33571
71998
42259
204616
1162
57313
306651
53381
41567
108758
27712
309598
22281
202490
199053
30266
41155
202671
28804
9095
45505
4015
28327
2728
4928
28885
307286
198923
4740
21087
64995
4459
26946
43344
20382
88933
86318
209751
308274
6329
49604
307482
33761
198075
82848
32269
24938
3625
85950
45503
39479
310383
91106
35729
22055
209393
45296
94736
23167
306245
42825
14903
37209
306659
96941
35579
43955
42521
35302
35399
13488
85509
200649
200089
11456
144144
37368
11927
43290
20303
12963
32383
309154
6634
199182
202099
305338
43007
27025
86606
124560
28835
308332
15635
44387
22414
9569
74616
38352
103533
203425
44237
16926
90435
68564
2818
38940
566837
46120
90929
28339
27563
4997
307700
43819
41182
307439
9136
20794
26022
200467
22025
122983
4819
8706
307053
4057
9899
20493
13892
32658
36763
27153
11137
32478
23451
12378
91618
44698
76217
13832
13173
39654
81833
104542
308170
10834
84844
8759
18166
38778
5367
37086
84679
35230
44161
53730
48368
199096
308638
20647
73540
22279
5591
13778
9745
3555
31235
5757
5283
19810
5016
308197
10883
27041
8668
1485
47105
133028
18098
5847
3966
201025
91034
24361
198726
29044
60733
42585
8921
197091
1246
29814
141629
91157
28999
7373
38911
26989
308635
122902
1950
43636
88061
35326
77066
204355
54472
307148
309719
19206
136285
10644
73630
115454
208963
5967
14106
91253
20049
759
27318
45095
37633
74308
20866
31155
14945
25956
1492
41396
86615
308611
26765
5421
13099
2368
7190
29247
306512
38651
29823
88997
33970
86109
47823
204392
307352
133690
40747
9954
81853
48111
308121
45989
118833
199618
4079
228181
200645
14381
202577
44461
2637
198260
9548
2355
35409
25999
12236
75362
11761
6473
648
15437
8247
37185
13460
308810
17075
16146
43896
39036
26862
37338
204289
9809
139415
36632
21813
35305
199752
48887
27452
12968
73269
95685
205762
33456
4854
31431
10824
199761
5481
16561
34142
4192
10750
308780
308904
8068
22530
88894
3212
6222
30995
20839
28901
208930
34585
197736
7687
21690
40873
309267
92405
8218
305698
17995
209130
200512
24079
34845
39816
307207
9455
105691
26436
308511
32203
34069
7014
44859
18093
38446
84360
139475
844
16743
43777
50731
1419
91781
6269
15078
204332
2673
26580
204092
8359
82799
84175
306098
6777
132931
66506
51694
4779
3917
68314
91461
86470
83303
3112
1973
35897
306644
5577
32390
25612
14877
45958
35672
308815
18118
34497
24123
45929
18998
197498
6151
49472
44848
18560
18608
18100
198014
17711
198046
5576
31414
197507
40186
91022
307655
18605
21752
37683
1595
5309
9426
24421
3504
22441
22350
86381
73825
116804
12117
8160
39529
82129
16428
17060
51638
71390
208964
142875
25835
21494
20680
38516
308111
15074
8477
37184
307066
141636
8537
119494
307778
15024
307419
309074
1124
25579
306703
23423
307034
91790
197140
308237
197817
11057
6656
33025
41139
305683
11257
87438
29825
11731
46121
30657
8611
202329
22789
306417
47820
3365
208525
13489
60219
41492
3204
78590
18898
26911
10296
88901
104283
91694
308423
39472
305455
308183
124717
1617
297621
201708
6318
104393
17335
24770
15405
23004
22384
20157
197499
48334
39027
1958
43352
7626
15439
115704
78985
206675
207124
307291
133748
83150
197466
197948
25827
23626
202081
65682
198692
18568
134265
17592
308224
57858
28821
87353
21530
13443
21733
7453
108553
28225
307380
308503
40229
20661
29995
102829
88397
44604
31674
37299
5912
6308
118455
43098
5210
36381
7176
46489
930
20079
32041
27831
32685
6716
36231
54231
670
26577
309282
50475
75318
100631
9012
5509
310419
35291
97664
15936
9845
14537
35957
2457
58929
76843
6245
13148
14345
33702
38195
36590
64522
53270
206526
6442
306894
7674
1034
57211
100345
34544
20984
4783
93060
18567
11748
208562
51603
197653
200031
139675
92423
53818
13767
20833
89729
4591
50444
9465
961
90377
78805
20539
28928
128257
6447
19234
6514
17782
80110
38349
42748
2520
96423
46147
113196
18430
2492
45051
307423
307450
209556
31395
35603
40120
11749
37829
5155
30226
14863
38211
31532
16969
142407
18658
85673
73779
1764
113876
203817
3425
56274
29240
1583
25881
824
309428
88856
119889
16154
205419
78859
29912
3574
91537
31713
307257
306596
77006
28841
40028
202699
305571
1043
39314
47955
90879
4561
23739
2552
31219
9167
80884
6655
34416
69146
43702
44314
27103
11294
80751
53380
6467
197797
59585
40010
56135
25115
909
18483
42123
32763
48179
306036
3658
198065
3344
87045
41990
85303
197752
90205
15294
30575
42046
8547
95643
47962
3922
199324
8266
11463
7406
36644
74825
17968
28836
306126
85605
23512
19824
8462
18520
30061
49984
43260
17676
306071
209799
8145
23418
13250
20635
13568
307013
39923
39998
4191
8569
202204
10506
90535
35500
11200
15143
31753
46257
1457
16757
38665
14693
40308
28588
308494
60441
88799
29934
11022
305428
11776
91025
25094
74631
592374
4677
31952
307346
38330
199171
21086
23756
205519
8271
298402
100191
59663
580
17324
18103
1121
64499
198108
281339
36808
12158
10484
61391
10855
46603
307354
24580
26346
6963
3347
7003
2184
25960
36511
533467
88830
48219
39233
201748
87280
27646
22534
3590
8010
88850
281316
41560
3374
10777
204715
307255
12605
80452
38386
19307
7005
208606
118942
307702
13039
13592
31064
40143
15682
307455
9377
23006
23984
141649
140609
41133
207501
19294
1328
17643
4858
23503
92363
28701
17976
40113
202362
288895
89635
209716
2916
16461
12262
34311
198924
56851
48013
16110
198059
205735
85773
9830
21695
9096
33813
4190
13546
198449
37124
19128
54447
260463
9446
33164
40806
29713
20331
25744
100782
13429
43548
42643
96894
78221
60172
38582
44115
13467
43742
309229
78107
1972
22429
74816
33823
310591
63302
306132
305702
15797
4959
19384
34173
50385
208821
46004
16990
52699
2634
28214
23772
4371
24107
57617
27221
97636
1214
14051
6849
49568
94889
308212
91842
10838
200039
12059
308623
308700
86110
34923
43236
33210
34882
4241
30267
10682
3703
8745
282674
10719
38574
40098
33178
5502
97147
729
11226
13259
9354
25638
4599
10842
10982
15420
198419
307112
141202
4093
7643
30644
203150
86443
310236
91709
12576
46119
4001
27205
12272
19960
31187
141671
88185
38050
43353
41304
307377
29470
28605
30197
31086
33917
29941
4208
87681
26755
36480
22195
5768
48197
3115
100292
31188
207908
77206
4711
4630
80534
16069
80304
29459
86958
107821
43759
205511
305898
30529
95383
134287
8510
6968
91609
309441
63844
63972
32876
16643
28432
22369
44337
75468
33819
10937
198228
198256
40790
306640
90210
15656
43195
9640
81335
43657
199117
19903
9105
13451
20477
212137
17584
28226
78674
15989
46229
73308
2702
32504
58590
21072
78940
206981
86691
38426
103650
87020
18094
4862
14101
678
33947
77855
48383
307614
83506
17993
308047
30722
16722
307571
198416
42597
97950
309812
35003
74670
198921
55602
583
4500
88902
13529
100560
8027
199836
20220
14183
81509
5938
24568
310745
7083
17344
306485
105878
198117
204361
198388
9059
144729
306483
31632
288346
968
4880
207293
14201
89287
205640
209239
39805
85171
34624
50747
305721
34776
30110
21138
24323
42119
17814
15272
20964
74880
10084
62385
6675
19280
51869
43429
81545
20312
24163
18629
208756
60939
120203
91368
42151
2058
19848
23061
10054
85791
2045
88560
17234
97025
5106
45040
310622
45017
4669
2953
202516
91828
15072
309213
75029
39344
206443
80800
34869
48299
37643
65246
26099
97254
5467
136801
19859
11503
88889
202638
309697
39010
32206
305440
210142
306035
197945
40848
19101
17546
20969
308172
45609
309373
9645
28859
7589
5045
32290
200326
46000
10514
30523
7091
10923
307011
198035
18096
111671
203643
80640
28152
14728
23400
83523
88152
35006
101660
22862
88513
11311
15851
29424
11509
9775
206855
45348
207921
31896
21950
21998
34097
210264
9616
39555
38252
198407
3553
198583
201019
13866
31433
198309
94183
197982
31512
37625
135992
81789
133875
87829
553
5853
309234
24334
10689
9685
16170
21079
21330
31808
8005
21209
198072
8152
310608
16803
41263
33458
15902
22046
33815
198308
38580
305771
12284
87221
33174
309507
59430
93702
12684
306406
19145
4781
18008
27020
19973
202705
16984
19132
309424
73510
45917
13806
84715
5748
25372
115933
18087
29413
10900
32737
16924
139357
308242
197624
95626
108915
309825
12554
311023
97231
3699
100326
308991
306887
38557
25430
96714
16476
20924
13665
18482
198110
121134
48055
209794
307251
7590
1594
11423
16878
33613
144761
52517
209163
307892
29260
16149
33167
18854
199262
4581
121599
16864
23632
283781
3557
200051
50416
20404
26417
23322
15629
17322
10629
32639
306604
198367
35051
34938
19390
3481
2332
35250
92097
43639
10066
10463
90710
36816
83928
22814
45512
307843
14678
28037
43385
16641
28069
200885
292545
22657
204454
91144
34282
29427
30320
45073
8710
92395
43582
307532
10865
3099
5376
38127
53701
29102
3971
30937
39536
10587
58719
208779
32496
21121
41579
90794
3348
199986
31003
7482
74877
5343
309019
4616
2846
43228
89002
47989
15054
204350
16921
14009
41285
11517
2699
29512
52039
94054
309357
308448
31777
50216
126858
145400
90368
83018
4981
89142
15708
35263
306285
40430
127988
206669
7708
12072
12422
197665
203574
7539
202813
309161
22080
130954
3422
74801
1301
16634
20137
198988
20755
5641
3884
21722
73523
40911
12628
306105
19085
24803
5891
12121
210026
94132
39177
87824
8173
12636
23622
306069
29486
75301
78758
29927
31783
87325
11070
59109
37281
84534
24958
13106
21604
5736
123939
3091
16430
27679
305523
1363
710
22928
16609
85713
305897
23139
39949
33554
40103
1221
37800
20843
35678
12800
47468
52588
11971
36890
310011
14247
17137
61525
40502
34198
66673
209782
205229
30057
92059
8988
22205
79239
28691
97412
18121
13756
32724
109332
39257
90173
5279
24530
81439
90831
197008
32849
30394
47854
103164
31623
27950
29628
3245
84883
44484
8738
116503
4021
4333
308357
40701
6394
24450
31855
11683
306185
198412
81999
55093
39736
44676
284523
82029
307082
53139
15785
34178
141224
28477
22045
13582
41019
16967
104555
48327
15495
5156
308661
9823
87379
24638
37862
9622
16635
78082
203349
34089
8316
1499
43595
26722
42116
16342
52037
7266
46015
20893
139199
82305
8417
12480
82936
14523
88681
40304
36009
39120
24365
20155
23460
310578
1920
199194
37558
101242
97856
207228
309842
543546
1602
51873
30478
30962
23642
23031
201490
17655
15232
16161
91517
27155
1824
79140
20019
3442
44867
198933
29639
19796
200239
31311
12075
33256
88518
205024
205965
22216
51446
6012
18795
308460
29549
5238
306324
91654
18606
305349
35566
4277
78603
22119
19025
25691
7488
45985
32057
18808
33124
91311
3336
309302
19568
32931
40373
197082
14581
32043
82228
1713
58835
17110
94762
24650
85723
41485
41933
306502
306492
19056
26304
24991
21101
22526
36029
25279
17670
39778
1322
89911
309235
45470
59521
85982
91569
44730
13450
205560
24171
57361
8949
60837
48202
21673
18708
9313
16038
85852
83465
24470
4010
122961
2815
22482
19893
23001
32035
37980
29325
23087
924
209062
12252
1106
86083
309228
79157
92425
210297
305565
30496
24966
4067
200617
310243
77616
59511
14762
96550
305869
19402
11042
3205
200214
308395
197715
1743
1471
11530
41417
208107
46204
32037
15204
18140
79939
62567
15564
78241
4307
35530
118868
7616
13455
21711
3499
110973
136207
33071
197400
11041
308902
306869
135537
200015
71374
42065
40189
208002
20221
23211
89219
14012
18887
141623
310226
5090
42211
33957
16087
7934
202345
32066
43587
44843
22325
73436
85695
75465
18488
1323
202702
24395
20975
2965
91393
206774
35593
18425
4519
20316
6630
9502
30552
38971
37468
78114
306656
310396
103464
4961
4158
46600
4887
45563
50254
38525
33285
309431
40183
8255
11597
42520
43538
13796
12992
305505
75088
14752
306714
18439
17268
307042
81171
11312
8431
22007
32999
6808
306649
310696
40530
8120
25781
306232
30511
3518
198804
94908
259525
90709
21635
253572
98428
21540
7389
87435
20085
637
37002
2429
132960
8132
12728
310518
17126
36904
85944
13052
307480
537
29019
133436
26585
10143
45847
40798
792
25890
306434
4157
85954
21550
6507
206230
98321
197639
36719
110057
30156
5168
